.Random.seed <-
c(403L, 10L, -690198379L, 671397679L, -1157669322L, -1193620896L, 
2054281379L, 1800682433L, 1866889136L, 1635099342L, -142360519L, 
-226019765L, -1954759686L, 1025476348L, 1935723327L, -575486955L, 
-763994324L, 975549442L, -1603209507L, 404473303L, 549400766L, 
141312760L, -339916581L, -1241138375L, 818794120L, 718420534L, 
-636480911L, -1486190429L, 421806578L, 469291332L, 1157810695L, 
-1867008035L, 475787476L, 533721082L, 968517445L, -380435553L, 
585812262L, 886380976L, -2134920621L, -1442415247L, -1255617376L, 
50613310L, 50168649L, -1863151109L, 204666314L, -1357661396L, 
1927557935L, -288888347L, -1645005668L, -486948622L, -1306633875L, 
1415091879L, -1460922162L, -979618264L, 702299691L, 1130484809L, 
252552536L, -1510392826L, 1597947361L, -2041575565L, -1670970398L, 
-521098412L, 789194327L, 1981259341L, 1739297252L, 1725787082L, 
613387829L, -1718070129L, -1483162218L, 1559880000L, 722680835L, 
-244449759L, -334427888L, -159865106L, 1853274777L, -1174064341L, 
1540382234L, 597226716L, -1480881953L, -548526411L, 610623564L, 
-2088149854L, -1922798595L, -1191429897L, -1658773986L, 33009880L, 
1870746683L, 293453273L, 11725672L, -838203754L, 392749073L, 
-129973821L, 1176432082L, 245711972L, 117404583L, 1983651069L, 
-1063995148L, 941674458L, 512205605L, -1443851713L, -1801930298L, 
-1558573488L, 1231405683L, 521713297L, 1492111040L, 818796702L, 
979711081L, -1632296805L, 58335658L, -278152756L, -1272966001L, 
469265605L, -938017668L, 1202909394L, 831983693L, 379480327L, 
-2095670034L, 1811199432L, -1195853109L, 2080432937L, 677643128L, 
-1091053402L, 666804929L, -1501260973L, 1094811650L, -106091212L, 
-416553289L, 1597987501L, 633445316L, -2127526934L, -50664363L, 
392630767L, -128796170L, -1729454304L, -2048888605L, -478632575L, 
320848880L, -1759147378L, -349479431L, -1872961653L, 1558830010L, 
914834108L, -980182529L, 73811797L, 1983381612L, 1091163330L, 
123404061L, 1946498455L, -2002279170L, 165490360L, -1927049061L, 
-611541255L, -1875529656L, 1339999094L, -1633659215L, -1054329117L, 
1908721074L, 204434948L, -1852390073L, 1606369309L, -822655340L, 
1022578234L, -75300731L, 283198815L, -1365103130L, 2080900208L, 
1980848019L, -685137871L, 1044475616L, -1860892802L, 1426701833L, 
-1609787845L, 870803466L, -874358804L, 215538799L, -1107299419L, 
-1330424996L, -1062133966L, -974238163L, -334723865L, 109217294L, 
890903528L, -1525864981L, 106671753L, 1698135576L, -1695533754L, 
-717659231L, -69546445L, 812884898L, 654472852L, 669685015L, 
-1274924275L, -462020060L, -2087556598L, 1899942773L, -954009905L, 
709564886L, -159009408L, 998403523L, -871298207L, 700666320L, 
87197998L, -2132127527L, -839210261L, 972617562L, 2005971228L, 
-577955809L, 2067948661L, -734510836L, 1010011362L, -388020803L, 
1261507127L, -1898905378L, 1293872152L, 73814907L, 1699160857L, 
-1929166936L, -1896751274L, -224434223L, 1820636035L, 518206994L, 
446599588L, 1580287335L, 226716349L, -1675138508L, 1706963354L, 
-416870939L, 864881023L, 1492836614L, 653980756L, 1448204226L, 
46155808L, -1425506116L, -76122544L, 228317154L, -1175578520L, 
794351692L, 179225852L, -1560926222L, 1751031040L, 784344436L, 
-2105303032L, -952065094L, 1081148880L, 1860206572L, 1087710612L, 
962994642L, -471901856L, 1502616396L, 1675624736L, -1901697150L, 
-1544732952L, 77015276L, 554141756L, -170160270L, -53137808L, 
943049764L, -1357635784L, -254554982L, -2091707696L, 983371964L, 
-1191170412L, -849957246L, -1265540928L, 1685686076L, 627249296L, 
-1495527902L, 977071112L, 2074676492L, -338981732L, -2146463214L, 
-1567771776L, -1015532012L, -26251736L, -178905798L, 1993666000L, 
-484554644L, 1004569908L, 285649554L, 1616727904L, -812863668L, 
-1330878496L, 1859976098L, -35890264L, -1848460916L, -2078409540L, 
-274300558L, 542632176L, -429336508L, -1896258216L, 384027194L, 
-557084816L, 1411746876L, -527957228L, -1866381886L, 1829818080L, 
927738748L, -1274514736L, -292000606L, 394281000L, -1231161076L, 
-1978643524L, -157663950L, -1074372160L, 1225374260L, 955699144L, 
-1809105734L, -516263536L, -2049588756L, 2098738772L, -1462004590L, 
465732384L, 796787148L, -975358496L, 1810933442L, -239056856L, 
-1100327252L, -15900484L, -401023502L, -1288155856L, 1230431396L, 
-2114536776L, 572643674L, 1025231248L, 526968700L, -1057887980L, 
-2018828478L, 1600958208L, -1916550212L, -240676016L, 1643511586L, 
-1148033720L, 1833700876L, -1407338404L, -1839853358L, -774320640L, 
-1294511788L, 1032150504L, 1901050874L, 863689936L, 1910765868L, 
-1896134924L, 309878162L, 1267105888L, 1873220876L, 928365280L, 
215973218L, -318102872L, -92755380L, -601295492L, -1796908750L, 
-1044394896L, -337147068L, 680108504L, 303273082L, -1628395984L, 
-1604566340L, 785150804L, 1316892738L, 1624820128L, -2098317636L, 
656178640L, -839565982L, -1692497944L, -1945423924L, 2049131260L, 
-251021838L, -1213854592L, 1037900020L, 346872456L, 1538288442L, 
-469596336L, 2063145580L, -1756358508L, 1486938450L, 284260064L, 
260523724L, 1108125856L, -1827919998L, 415745768L, 1740254956L, 
1641410620L, -1011374478L, -1402776464L, 170322468L, 1575622712L, 
1523724314L, 1084614352L, 1784806460L, 1510173844L, 92047490L, 
386240448L, 1596610876L, -778799472L, -829743070L, -520267768L, 
-1920807796L, -1428515812L, -1081267566L, -456232832L, -1523059692L, 
-342914776L, -1963726278L, 573011152L, -1747520404L, 1819262644L, 
-1166145518L, -934123552L, 277877708L, 1712573920L, 1499972130L, 
-38961880L, -1283656436L, 670199356L, -2109234958L, -116822288L, 
1587433284L, -1271136680L, -399926726L, 314302192L, -1837657924L, 
-710057452L, -1294506814L, -211930016L, -1063559812L, -1290043184L, 
-1662585822L, -1659162968L, 526107532L, 274603452L, -1358001102L, 
-1432000704L, 1309308084L, 1176790856L, 434633402L, 189751056L, 
584183020L, 736253012L, 476663570L, 477874080L, 1171297228L, 
-1799306400L, 1570346178L, 92395048L, -1522322004L, 347671356L, 
2036586354L, -390686928L, 1676695076L, -1569803208L, 456134874L, 
7923088L, 288140028L, 1486824340L, 564225858L, -57143808L, 303872248L, 
-1784330591L, 161111635L, 851108212L, -1741072638L, -1191985257L, 
-187256479L, -1448232538L, 431717284L, 1502029397L, 313534207L, 
-1149244520L, -1139831626L, 1057712451L, 1242710149L, -693102302L, 
1304881680L, -1450937927L, -1662205333L, -1767563940L, 1264807050L, 
483697791L, -1075556919L, -65714594L, 652911884L, 1035706589L, 
-1668952601L, -1093233136L, -623867090L, 2011090907L, -1961004867L, 
-1482360278L, -1906006328L, 1788330993L, -788159133L, -692077212L, 
2123776146L, 1465357671L, 2145890097L, -191495050L, -210166380L, 
1885645221L, -1665219921L, 1196458856L, -2030158010L, 1387292403L, 
642492501L, 1367446578L, 1051030016L, -1245281559L, 1650088283L, 
76338092L, -553242694L, -1363752593L, -1420573959L, 1036905358L, 
-643918244L, 254264525L, 1779960887L, 171910848L, -329350754L, 
-1539491221L, -491986451L, -1021071270L, -351428840L, 390030465L, 
1332003379L, -433889196L, -888167326L, 1112484599L, 770159937L, 
1837863878L, -674402044L, 256495797L, -1354113121L, -1265348616L, 
501940694L, 122689635L, -266195931L, 1445415874L, 1195950256L, 
932211929L, 1827121739L, -1020188484L, -1559343382L, -44359905L, 
-1480220759L, 558037310L, -1752113108L, 925314685L, -121360185L, 
-1177338448L, -1617020978L, -847827717L, 1704483677L, -453140342L, 
-171675992L, 98406929L, 900678403L, 1227380228L, -1399511502L, 
-1831963001L, -436675887L, -1299477418L, -1071905740L, 1526957893L, 
-1392022129L, 372038920L, 265879334L, -783622189L, 195055925L, 
-956954478L, -1512339360L, -1993990711L, 1910461691L, -386286900L, 
1056882522L, -416298417L, -571338983L, 500140334L, -779117764L, 
268525741L, -2095226025L, 1019020960L, 1253781502L, -1966938421L, 
-1839306547L, 1848601594L, 11286584L, -987078175L, 763931283L, 
981106868L, 977113538L, 767916503L, -1334761951L, 6774246L, 2024756452L, 
1432742933L, -2055656385L, -1765784616L, 818943478L, -549366269L, 
-1628221115L, -1301424798L, -1678678320L, -816332295L, 1568694571L, 
